0 /
1 /en/
2 /address/
3 /study/ad/
4 /int/
5 /replys/pismo-ot-izbrannogo-prezidenta-respubliki-uzbekistan.html
6 /work/ad/
7 /thanks/k-yubileyu-yuriya-aleksandrovicha-moshkova.html
8 /projects/pr2020/
9 /replys/blagodarstvennoe-pismo-patriarkha-moskovskogo-i-vseya-rusi.html
10 /sitemap.html
11 /int/grant/index.html
12 /science/ad/
13 /ulife/ad/
14 /work/
15 /replys/blagodarnost-rektoru-moskovskogo-universiteta201610.html
16 /news/
17 /science/allevents.html
18 /address/index.html
19 /news/pozdravleniya-viktoru-antonovichu-sadovnichemu.html
20 /projects/msuid/
21 /thanks/k-yubileyu-galiny-anatolevny-korshunovoy.html
22 /info/struct/rectintv/
23 /address/adr-cent.html
24 /news/s-dnem-rozhdeniya-viktor-antonovich.html
25 /thanks/k-yubileyu-tamary-dmitrievny-rumyantsevoy.html
26 /science/main_themes/razrabotan-khimicheskiy-sensor.html
27 /news/vstrecha-v-a-sadovnichego-s-ministrom-truda-i-sotsialnoy-zashchity-respubliki-uzbekistan.html
28 /updates/
29 /news/vstrecha-s-poslom-indii-v-rossii-pankadzhem-saranom.html
30 /replys/blagodarnost-ot-stantsii-perelivaniya-krovi.html
31 /replys/blagodarnost-rektoru-moskovskogo-universiteta201703.html
32 /replys/blagodarstvennoe-pismo-rukovodilya-rosobrnadzora.html
33 /entrance/ad/
34 /ad/konkurs-nauchnykh-rabot-molodykh-uchyenykh-mgu_1.html
35 /ulife/
36 /tour/
37 /news/rss/
38 /address/adr-inst.html
39 /index.php
40 /thanks/k-yubileyu-valeriya-konstantinovicha-zakharova.html
41 /entrance/
42 /dopobr/
43 /replys/blagodarnost-za-dolgosrochnoe-sotrudnichestvo.html
44 /int/ad/
45 /science/
46 /ad/
47 /info/struct/rector.html
48 /ch/
49 /thanks/k-yubileyu-tamary-vasilevny-naumenko.html
50 /thanks/k-yubileyu-alekseya-olgerdovicha-rybaltovskogo.html
51 /press/smiaboutmsu/
52 /replys/blagodarstvennoe-pismo-rossiyskogo-natsionalnogo-komiteta-po-teoreticheskoy-i-prikladnoy-mekhanike.html
53 /ad/v-mgu-prochitayut-totalnyy-diktant.html
54 /ad/uchastnikam-olimpiady-shkolnikov-pokori-vorobyevy-gory-.html
55 /news/vstrecha-v-a-sadovnichego-s-professorsko-prepodavatelskim-sostavom-fizicheskogo-fakulteta-mgu.html
56 /thanks/
57 /info/
58 /ad/51-ya-mezhdunarodnaya-mendeleevskaya-olimpiada-shkolnikov-po-khimii.html
59 /resources/
60 /alumni/
61 /press/
62 /search.html
63 /replys/
64 /album/
65 /resources/msu-ws.html
66 /study/
67 /feedback.html
68 /ad/nabor-na-obshcheuniversitetskie-podgotovitelnye-kursy.html
69 /thanks/k-yubileyu-germana-nikolaevicha-medvedeva.html
70 /news/official/rector/
71 /replys/blagodarnosti-po-kursu-s-g-ter-minasovoy.html
72 /thanks/k-yubileyu-alekseya-alekseevicha-matveeva.html
73 /thanks/k-yuibleyu-tamary-stepanovny-kuznetsovoy.html
74 /alumni/ad/
75 /thanks/k-yubileyu-olega-vasilevicha-kononova.html
76 /replys/blagodarstvennoe-pismo-rektora-universiteta-primorska.html
77 /en/address/
78 /en/admissions/
79 /en/resources/msu-ws.html
80 /en/resources/
81 /en/info/
82 /en/search.html
83 /en/address/adr-cent.html
84 /en/address/adr-inst.html
85 /en/index.html
86 /en/sitemap.html
87 /en/intcoop/
88 /en/science/
89 /en/tour/
90 referent@journ.msu.ru, referent@smi.msu.ru
91 info@arts.msu.ru
92 hsscm.msu@gmail.com
93 info@msu.az
94 /info/struct/sadovn.html
95 soc@socio.msu.ru
96 mail@mse-msu.ru
97 fpo.mgu@mail.ru
98 pomsu@rambler.ru
99 vshssn@gmail.com
1 1 1 1 1 1 1 1 1 1 1 1 1 1 1 1 1 1 1 1 1 1 1 1 1 1 1 1 1 1 1 1 1 1 1 1 1 1 1 1 1 1 1 1 1 1 1 1 1 1 1 1 1 1 1 1 1 1 1 1 1 1 1 1 1 1 1 1 1 1 1 1 1 1 1 1 1 0 0 0 0 0 0 0 0 0 0 0 0 0 0 0 0 0 0 0 0 0 0 0 
1 1 0 0 0 0 0 0 0 0 0 0 0 0 0 0 0 0 0 0 0 0 0 0 0 0 0 0 0 0 0 0 0 0 0 0 0 0 0 0 0 0 0 0 0 0 0 0 1 0 0 0 0 0 0 0 0 0 0 0 0 0 0 0 0 0 0 0 0 0 0 0 0 0 0 0 0 1 1 1 1 1 1 1 1 1 1 1 1 1 0 0 0 0 0 0 0 0 0 0 
1 1 1 1 1 0 1 0 0 0 1 0 1 1 1 0 1 1 1 0 0 0 1 1 0 0 0 0 0 0 0 0 0 1 0 1 1 0 1 1 0 1 1 0 1 1 1 0 1 0 0 1 0 0 0 0 1 1 0 1 1 1 1 1 1 1 1 1 0 0 0 0 0 0 1 0 0 0 0 0 0 0 0 0 0 0 0 0 0 0 1 1 1 1 1 1 1 1 1 1 
1 1 1 1 1 0 1 0 0 0 1 0 1 1 1 0 1 1 1 0 0 0 1 1 0 0 0 0 0 0 0 0 0 1 0 1 1 0 1 1 0 1 1 0 1 1 1 0 1 0 0 1 0 0 0 0 1 1 0 1 1 1 1 1 1 1 1 1 0 0 0 0 0 0 1 0 0 0 0 0 0 0 0 0 0 0 0 0 0 0 0 0 0 0 0 0 0 0 0 0 
1 1 1 1 1 0 1 0 0 0 1 0 1 1 1 0 1 1 1 0 0 0 1 1 0 0 0 0 0 0 0 0 0 1 0 1 1 0 1 1 0 1 1 0 1 1 1 0 1 0 0 1 0 0 0 0 1 1 0 1 1 1 1 1 1 1 1 1 0 0 0 0 0 0 1 0 0 0 0 0 0 0 0 0 0 0 0 0 0 0 0 0 0 0 0 0 0 0 0 0 
1 1 1 1 1 1 1 0 0 0 1 0 1 1 1 0 1 1 1 0 0 0 1 1 0 0 0 0 0 0 0 0 0 1 0 1 1 0 1 1 0 1 1 0 1 1 1 0 1 0 0 1 0 0 0 0 1 1 0 1 1 1 1 1 1 1 1 1 0 0 0 0 0 0 1 0 0 0 0 0 0 0 0 0 0 0 0 0 0 0 0 0 0 0 0 0 0 0 0 0 
1 1 1 1 1 0 1 0 0 0 1 0 1 1 1 0 1 1 1 0 0 0 1 1 0 0 0 0 0 0 0 0 0 1 0 1 1 0 1 1 0 1 1 0 1 1 1 0 1 0 0 1 0 0 0 0 1 1 0 1 1 1 1 1 1 1 1 1 0 0 0 0 0 0 1 0 0 0 0 0 0 0 0 0 0 0 0 0 0 0 0 0 0 0 0 0 0 0 0 0 
1 1 1 1 1 0 1 1 0 0 1 0 1 1 1 0 1 1 1 0 0 0 1 1 0 0 0 0 0 0 0 0 0 1 0 1 1 0 1 1 0 1 1 0 1 1 1 0 1 0 0 1 0 0 0 0 1 1 0 1 1 1 1 1 1 1 1 1 0 0 0 0 0 0 1 0 0 0 0 0 0 0 0 0 0 0 0 0 0 0 0 0 0 0 0 0 0 0 0 0 
1 1 1 1 1 0 1 0 1 0 1 0 1 1 1 0 1 1 1 0 1 0 1 1 0 0 0 0 0 0 0 0 0 1 0 1 1 0 1 1 0 1 1 0 1 1 1 0 1 0 0 1 0 0 0 0 1 1 0 1 1 1 1 1 1 1 1 1 0 0 0 0 0 0 1 0 0 0 0 0 0 0 0 0 0 0 0 0 0 0 0 0 0 0 0 0 0 0 0 0 
1 1 1 1 1 0 1 0 0 1 1 0 1 1 1 0 1 1 1 0 0 0 1 1 0 0 0 0 0 0 0 0 0 1 0 1 1 0 1 1 0 1 1 0 1 1 1 0 1 0 0 1 0 0 0 0 1 1 0 1 1 1 1 1 1 1 1 1 0 0 0 0 0 0 1 0 0 0 0 0 0 0 0 0 0 0 0 0 0 0 0 0 0 0 0 0 0 0 0 0 
1 1 1 1 1 0 1 0 0 0 1 0 1 1 1 0 1 1 1 0 0 0 1 1 0 0 0 0 1 0 0 0 0 1 0 1 1 0 1 1 0 1 1 0 1 1 1 1 1 0 0 1 0 0 0 0 1 1 0 1 1 1 1 1 1 1 1 1 0 0 0 0 0 0 1 0 0 0 0 0 0 0 0 0 0 0 0 0 0 0 0 0 0 0 0 0 0 0 0 0 
1 1 1 1 1 0 1 0 0 0 1 0 1 1 1 0 1 1 1 0 0 0 1 1 0 0 0 0 0 0 0 0 0 1 0 1 1 0 1 1 0 1 1 0 1 1 1 0 1 0 0 1 0 0 0 0 1 1 0 1 1 1 1 1 1 1 1 1 0 0 0 0 0 0 1 0 0 0 0 0 0 0 0 0 0 0 0 0 0 0 0 0 0 0 0 0 0 0 0 0 
1 1 1 1 1 0 1 0 0 0 1 0 1 1 1 0 1 1 1 0 0 0 1 1 0 0 0 0 0 0 0 0 0 1 0 1 1 0 1 1 0 1 1 0 1 1 1 0 1 0 0 1 0 0 0 0 1 1 0 1 1 1 1 1 1 1 1 1 0 0 0 0 0 0 1 0 0 0 0 0 0 0 0 0 0 0 0 0 0 0 0 0 0 0 0 0 0 0 0 0 
1 1 1 1 1 0 1 0 0 0 1 0 1 1 1 0 1 1 1 0 0 0 1 1 0 0 0 0 0 0 0 0 0 1 0 1 1 0 1 1 0 1 1 0 1 1 1 0 1 0 0 1 0 0 0 0 1 1 0 1 1 1 1 1 1 1 1 1 0 0 0 0 0 0 1 0 0 0 0 0 0 0 0 0 0 0 0 0 0 0 0 0 0 0 0 0 0 0 0 0 
1 1 1 1 1 0 1 0 0 0 1 0 1 1 1 0 1 1 1 0 0 0 1 1 0 0 0 0 0 0 0 0 0 1 0 1 1 0 1 1 0 1 1 0 1 1 1 0 1 0 0 1 0 0 0 0 1 1 0 1 1 1 1 1 1 1 1 1 0 0 0 0 0 0 1 0 0 0 0 0 0 0 0 0 0 0 0 0 0 0 0 0 0 0 0 0 0 0 0 0 
1 1 1 1 1 0 1 0 0 0 1 0 1 1 1 1 1 1 1 0 0 0 1 1 0 0 0 0 0 0 0 0 0 1 0 1 1 0 1 1 0 1 1 0 1 1 1 0 1 0 0 1 0 0 0 0 1 1 0 1 1 1 1 1 1 1 1 1 0 0 0 0 0 0 1 0 0 0 0 0 0 0 0 0 0 0 0 0 0 0 0 0 0 0 0 0 0 0 0 0 
1 1 1 1 1 0 1 0 0 0 1 1 1 1 1 0 1 1 1 1 0 0 1 1 1 0 0 1 1 1 0 0 0 1 0 1 1 1 1 1 0 1 1 0 1 1 1 0 1 0 0 1 0 0 0 1 1 1 0 1 1 1 1 1 1 1 1 1 0 0 1 0 0 0 1 0 0 0 0 0 0 0 0 0 0 0 0 0 0 0 0 0 0 0 0 0 0 0 0 0 
1 1 1 1 1 0 1 0 0 0 1 0 1 1 1 0 1 1 1 0 0 0 1 1 0 0 0 0 0 0 0 0 0 1 0 1 1 0 1 1 0 1 1 0 1 1 1 0 1 0 0 1 0 0 0 0 1 1 0 1 1 1 1 1 1 1 1 1 0 0 0 0 0 0 1 0 0 0 0 0 0 0 0 0 0 0 0 0 0 0 0 0 0 0 0 0 0 0 0 0 
1 1 1 1 1 0 1 0 0 0 1 0 1 1 1 0 1 1 1 0 0 0 1 1 0 0 0 0 0 0 0 0 0 1 0 1 1 0 1 1 0 1 1 0 1 1 1 0 1 0 0 1 0 0 0 0 1 1 0 1 1 1 1 1 1 1 1 1 0 0 0 0 0 0 1 0 0 0 0 0 0 0 0 0 0 0 0 0 0 0 1 1 1 1 1 1 1 1 1 1 
1 1 1 1 1 0 1 0 0 0 1 0 1 1 1 0 1 1 1 1 0 0 1 1 0 0 0 0 0 0 0 0 0 1 0 1 1 0 1 1 0 1 1 0 1 1 1 0 1 0 0 1 0 0 0 0 1 1 0 1 1 1 1 1 1 1 1 1 0 0 0 0 0 0 1 0 0 0 0 0 0 0 0 0 0 0 0 0 0 0 0 0 0 0 0 0 0 0 0 0 
1 1 1 1 1 0 1 0 0 0 1 0 1 1 1 0 1 1 1 0 1 0 1 1 0 0 0 0 0 0 0 0 0 1 0 1 1 0 1 1 0 1 1 0 1 1 1 0 1 0 0 1 0 0 0 0 1 1 0 1 1 1 1 1 1 1 1 1 0 0 0 0 0 0 1 0 0 0 0 0 0 0 0 0 0 0 0 0 0 0 0 0 0 0 0 0 0 0 0 0 
1 1 1 1 1 0 1 0 0 0 1 0 1 1 1 0 1 1 1 0 0 1 1 1 0 0 0 0 0 0 0 0 0 1 0 1 1 0 1 1 0 1 1 0 1 1 1 0 1 0 0 1 0 0 0 0 1 1 0 1 1 1 1 1 1 1 1 1 0 0 0 0 0 0 1 0 0 0 0 0 0 0 0 0 0 0 0 0 0 0 0 0 0 0 0 0 0 0 0 0 
1 1 1 1 1 0 1 0 0 0 1 0 1 1 1 0 1 1 1 0 0 0 1 1 0 0 0 0 0 0 0 0 0 1 0 1 1 0 1 1 0 1 1 0 1 1 1 0 1 0 0 1 0 0 0 0 1 1 0 1 1 1 1 1 1 1 1 1 0 0 0 0 0 0 1 0 0 0 0 0 0 0 0 0 0 0 0 0 0 0 0 0 0 0 0 0 0 0 0 0 
1 1 1 1 1 0 1 0 0 0 1 0 1 1 1 0 1 1 1 0 0 0 1 1 0 0 0 0 0 0 0 0 0 1 0 1 1 0 1 1 0 1 1 0 1 1 1 0 1 0 0 1 0 0 0 0 1 1 0 1 1 1 1 1 1 1 1 1 0 0 0 0 0 0 1 0 0 0 0 0 0 0 0 0 0 0 0 0 0 0 0 0 0 0 0 0 0 0 0 0 
1 1 1 1 1 0 1 0 0 0 1 0 1 1 1 0 1 1 1 0 0 0 1 1 1 0 0 0 0 0 0 0 0 1 0 1 1 0 1 1 0 1 1 0 1 1 1 0 1 0 0 1 0 0 0 0 1 1 0 1 1 1 1 1 1 1 1 1 0 0 0 0 0 0 1 0 0 0 0 0 0 0 0 0 0 0 0 0 0 0 0 0 0 0 0 0 0 0 0 0 
1 1 1 1 1 0 1 0 0 0 1 0 1 1 1 0 1 1 1 0 0 0 1 1 0 1 0 0 0 0 0 0 0 1 0 1 1 0 1 1 0 1 1 0 1 1 1 0 1 0 0 1 0 0 0 0 1 1 0 1 1 1 1 1 1 1 1 1 0 0 0 0 0 0 1 0 0 0 0 0 0 0 0 0 0 0 0 0 0 0 0 0 0 0 0 0 0 0 0 0 
1 1 1 1 1 0 1 0 0 0 1 0 1 1 1 0 1 1 1 0 0 0 1 1 0 0 1 0 0 0 0 0 0 1 0 1 1 0 1 1 0 1 1 0 1 1 1 0 1 0 0 1 0 0 0 0 1 1 0 1 1 1 1 1 1 1 1 1 0 0 0 0 0 0 1 0 0 0 0 0 0 0 0 0 0 0 0 0 0 0 0 0 0 0 0 0 0 0 0 0 
1 1 1 1 1 0 1 0 0 0 1 0 1 1 1 0 1 1 1 0 0 0 1 1 0 0 0 1 0 0 0 0 0 1 0 1 1 0 1 1 0 1 1 0 1 1 1 0 1 0 0 1 0 0 0 0 1 1 0 1 1 1 1 1 1 1 1 1 0 0 0 0 0 0 1 0 0 0 0 0 0 0 0 0 0 0 0 0 0 0 0 0 0 0 0 0 0 0 0 0 
1 1 1 1 1 0 1 0 0 0 1 1 1 1 1 0 1 1 1 0 0 0 1 1 0 0 0 0 1 0 0 0 0 1 0 1 1 0 1 1 0 1 1 0 1 1 1 0 1 0 0 1 0 0 0 0 1 1 0 1 1 1 1 1 1 1 1 1 0 0 0 0 0 0 1 0 0 0 0 0 0 0 0 0 0 0 0 0 0 0 0 0 0 0 0 0 0 0 0 0 
1 1 1 1 1 0 1 0 0 0 1 0 1 1 1 0 1 1 1 0 0 0 1 1 0 0 0 0 0 1 0 0 0 1 0 1 1 0 1 1 0 1 1 0 1 1 1 0 1 0 0 1 0 0 0 0 1 1 0 1 1 1 1 1 1 1 1 1 0 0 0 0 0 0 1 0 0 0 0 0 0 0 0 0 0 0 0 0 0 0 0 0 0 0 0 0 0 0 0 0 
1 1 1 1 1 0 1 0 0 0 1 0 1 1 1 0 1 1 1 0 0 0 1 1 0 0 0 0 0 0 1 0 0 1 0 1 1 0 1 1 0 1 1 0 1 1 1 0 1 0 0 1 0 0 0 0 1 1 0 1 1 1 1 1 1 1 1 1 0 0 0 0 0 0 1 0 0 0 0 0 0 0 0 0 0 0 0 0 0 0 0 0 0 0 0 0 0 0 0 0 
1 1 1 1 1 0 1 0 0 0 1 0 1 1 1 0 1 1 1 0 0 0 1 1 0 0 0 0 0 0 0 1 0 1 0 1 1 0 1 1 0 1 1 0 1 1 1 0 1 0 0 1 0 0 0 0 1 1 0 1 1 1 1 1 1 1 1 1 0 0 0 0 0 0 1 0 0 0 0 0 0 0 0 0 0 0 0 0 0 0 0 0 0 0 0 0 0 0 0 0 
1 1 1 1 1 0 1 0 0 0 1 0 1 1 1 0 1 1 1 0 0 0 1 1 0 0 0 0 0 0 0 0 1 1 0 1 1 0 1 1 0 1 1 0 1 1 1 0 1 0 0 1 0 0 0 0 1 1 0 1 1 1 1 1 1 1 1 1 0 0 0 0 0 0 1 0 0 0 0 0 0 0 0 0 0 0 0 0 0 0 0 0 0 0 0 0 0 0 0 0 
1 1 1 1 1 0 1 0 0 0 1 0 1 1 1 0 1 1 1 0 0 0 1 1 0 0 0 0 0 0 0 0 0 1 0 1 1 0 1 1 0 1 1 0 1 1 1 0 1 0 0 1 0 0 0 0 1 1 0 1 1 1 1 1 1 1 1 1 0 0 0 0 0 0 1 0 0 0 0 0 0 0 0 0 0 0 0 0 0 0 0 0 0 0 0 0 0 0 0 0 
1 1 1 1 1 0 1 0 0 0 1 0 1 1 1 0 1 1 1 0 0 0 1 1 0 0 0 0 0 0 0 0 0 1 1 1 1 0 1 1 0 1 1 0 1 1 1 0 1 0 0 1 0 0 0 0 1 1 0 1 1 1 1 1 1 1 1 1 0 0 0 0 0 0 1 0 0 0 0 0 0 0 0 0 0 0 0 0 0 0 0 0 0 0 0 0 0 0 0 0 
1 1 1 1 1 0 1 0 0 0 1 0 1 1 1 0 1 1 1 0 0 0 1 1 0 0 0 0 0 0 0 0 0 1 0 1 1 0 1 1 0 1 1 0 1 1 1 0 1 0 0 1 0 0 0 0 1 1 0 1 1 1 1 1 1 1 1 1 0 0 0 0 0 0 1 0 0 0 0 0 0 0 0 0 0 0 0 0 0 0 0 0 0 0 0 0 0 0 0 0 
1 1 1 1 1 0 1 0 0 0 1 0 1 1 1 0 1 1 1 0 0 0 1 1 0 0 0 0 0 0 0 0 0 1 0 1 1 0 1 1 0 1 1 0 1 1 1 0 1 0 0 1 0 0 0 0 1 1 0 1 1 1 1 1 1 1 1 1 0 0 0 0 0 0 1 0 0 0 0 0 0 0 0 0 0 0 0 0 0 0 0 0 0 0 0 0 0 0 0 0 
0 0 0 0 0 0 0 0 0 0 0 0 0 0 0 0 0 0 0 0 0 0 0 0 0 0 0 0 0 0 0 0 0 0 0 0 0 0 0 0 0 0 0 0 0 0 0 0 0 0 0 0 0 0 0 0 0 0 0 0 0 0 0 0 0 0 0 0 0 0 0 0 0 0 0 0 0 0 0 0 0 0 0 0 0 0 0 0 0 0 0 0 0 0 0 0 0 0 0 0 
1 1 1 1 1 0 1 0 0 0 1 0 1 1 1 0 1 1 1 0 0 0 1 1 0 0 0 0 0 0 0 0 0 1 0 1 1 0 1 1 0 1 1 0 1 1 1 0 1 0 0 1 0 0 0 0 1 1 0 1 1 1 1 1 1 1 1 1 0 0 0 0 0 0 1 0 0 0 0 0 0 0 0 0 0 0 0 0 0 0 0 0 0 0 0 0 0 0 0 0 
1 1 1 1 1 1 1 1 1 1 1 1 1 1 1 1 1 1 1 1 1 1 1 1 1 1 1 1 1 1 1 1 1 1 1 1 1 1 1 1 1 1 1 1 1 1 1 1 1 1 1 1 1 1 1 1 1 1 1 1 1 1 1 1 1 1 1 1 1 1 1 1 1 1 1 1 1 0 0 0 0 0 0 0 0 0 0 0 0 0 0 0 0 0 0 0 0 0 0 0 
1 1 1 1 1 0 1 0 0 0 1 0 1 1 1 0 1 1 1 0 0 0 1 1 0 0 0 0 0 0 0 0 0 1 0 1 1 0 1 1 1 1 1 0 1 1 1 0 1 0 0 1 0 0 0 0 1 1 0 1 1 1 1 1 1 1 1 1 0 0 0 0 0 0 1 0 0 0 0 0 0 0 0 0 0 0 0 0 0 0 0 0 0 0 0 0 0 0 0 0 
1 1 1 1 1 0 1 0 0 0 1 0 1 1 1 0 1 1 1 0 0 0 1 1 0 0 0 0 0 0 0 0 0 1 0 1 1 0 1 1 0 1 1 0 1 1 1 0 1 0 0 1 0 0 0 0 1 1 0 1 1 1 1 1 1 1 1 1 0 0 0 0 0 0 1 0 0 0 0 0 0 0 0 0 0 0 0 0 0 0 0 0 0 0 0 0 0 0 0 0 
1 1 1 1 1 0 1 0 0 0 1 0 1 1 1 0 1 1 1 0 0 0 1 1 0 0 0 0 0 0 0 0 0 1 0 1 1 0 1 1 0 1 1 0 1 1 1 0 1 0 0 1 0 0 0 0 1 1 0 1 1 1 1 1 1 1 1 1 0 0 0 0 0 0 1 0 0 0 0 0 0 0 0 0 0 0 0 0 0 0 0 0 0 0 0 0 0 0 0 0 
1 1 1 1 1 0 1 0 0 0 1 0 1 1 1 0 1 1 1 0 0 0 1 1 0 0 0 0 0 0 0 0 0 1 0 1 1 0 1 1 0 1 1 1 1 1 1 0 1 0 0 1 0 0 0 0 1 1 0 1 1 1 1 1 1 1 1 1 0 0 0 0 0 0 1 0 0 0 0 0 0 0 0 0 0 0 0 0 0 0 0 0 0 0 0 0 0 0 0 0 
1 1 1 1 1 0 1 0 0 0 1 0 1 1 1 0 1 1 1 0 0 0 1 1 0 0 0 0 0 0 0 0 0 1 0 1 1 0 1 1 0 1 1 0 1 1 1 0 1 0 0 1 0 0 0 0 1 1 0 1 1 1 1 1 1 1 1 1 0 0 0 0 0 0 1 0 0 0 0 0 0 0 0 0 0 0 0 0 0 0 0 0 0 0 0 0 0 0 0 0 
1 1 1 1 1 0 1 0 0 0 1 0 1 1 1 0 1 1 1 0 0 0 1 1 0 0 1 0 0 0 0 0 0 1 0 1 1 0 1 1 0 1 1 0 1 1 1 0 1 0 0 1 0 0 0 0 1 1 0 1 1 1 1 1 1 1 1 1 0 0 0 0 0 0 1 0 0 0 0 0 0 0 0 0 0 0 0 0 0 0 0 0 0 0 0 0 0 0 0 0 
1 1 1 1 1 1 1 1 0 1 1 0 1 1 1 0 1 1 1 0 0 0 1 1 0 1 0 0 0 0 1 1 1 1 0 1 1 0 1 1 1 1 1 1 1 1 1 0 1 1 1 1 0 1 0 0 1 1 0 1 1 1 1 1 1 1 1 1 0 1 0 1 1 1 1 0 1 0 0 0 0 0 0 0 0 0 0 0 0 0 0 0 0 0 0 0 0 0 0 0 
1 1 1 1 1 0 1 0 0 0 1 0 1 1 1 0 1 1 1 0 0 0 1 1 0 0 0 0 0 0 0 0 0 1 0 1 1 0 1 1 0 1 1 0 1 1 1 1 1 0 0 1 0 0 0 0 1 1 0 1 1 1 1 1 1 1 1 1 0 0 1 0 0 0 1 0 0 0 0 0 0 0 0 0 0 0 0 0 0 0 0 0 0 0 0 0 0 0 0 0 
1 1 0 0 0 0 0 0 0 0 0 0 0 0 0 0 0 0 0 0 0 0 0 0 0 0 0 0 0 0 0 0 0 0 0 0 0 0 0 0 0 0 0 0 0 0 0 0 1 0 0 0 0 0 0 0 0 0 0 0 0 0 0 0 0 0 0 0 0 0 0 0 0 0 0 0 0 0 0 0 0 0 0 0 0 0 0 0 0 1 0 0 0 0 0 0 0 0 0 0 
1 1 1 1 1 0 1 0 0 0 1 0 1 1 1 0 1 1 1 0 0 0 1 1 0 0 0 0 0 0 0 0 0 1 0 1 1 0 1 1 0 1 1 0 1 1 1 0 1 1 0 1 0 0 0 0 1 1 0 1 1 1 1 1 1 1 1 1 0 0 0 0 0 0 1 0 0 0 0 0 0 0 0 0 0 0 0 0 0 0 0 0 0 0 0 0 0 0 0 0 
1 1 1 1 1 0 1 0 0 0 1 0 1 1 1 0 1 1 1 0 0 0 1 1 0 0 0 0 0 0 0 0 0 1 0 1 1 0 1 1 0 1 1 0 1 1 1 0 1 0 1 1 0 0 0 0 1 1 0 1 1 1 1 1 1 1 1 1 0 0 0 0 0 0 1 0 0 0 0 0 0 0 0 0 0 0 0 0 0 0 0 0 0 0 0 0 0 0 0 0 
1 1 1 1 1 0 1 0 0 0 1 0 1 1 1 0 1 1 1 0 0 0 1 1 0 0 0 0 0 0 0 0 0 1 0 1 1 0 1 1 0 1 1 0 1 1 1 0 1 0 0 1 0 0 0 0 1 1 0 1 1 1 1 1 1 1 1 1 0 0 0 0 0 0 1 0 0 0 0 0 0 0 0 0 0 0 0 0 0 0 0 0 0 0 0 0 0 0 0 0 
1 1 1 1 1 0 1 0 0 0 1 0 1 1 1 0 1 1 1 0 0 0 1 1 0 0 0 0 0 0 0 0 0 1 0 1 1 0 1 1 0 1 1 0 1 1 1 0 1 0 0 1 1 0 0 0 1 1 0 1 1 1 1 1 1 1 1 1 0 0 0 0 0 0 1 0 0 0 0 0 0 0 0 0 0 0 0 0 0 0 0 0 0 0 0 0 0 0 0 0 
1 1 1 1 1 0 1 0 0 0 1 0 1 1 1 0 1 1 1 0 0 0 1 1 0 0 0 0 0 0 0 0 0 1 0 1 1 0 1 1 0 1 1 0 1 1 1 0 1 0 0 1 0 1 0 0 1 1 0 1 1 1 1 1 1 1 1 1 0 0 0 0 0 0 1 0 0 0 0 0 0 0 0 0 0 0 0 0 0 0 0 0 0 0 0 0 0 0 0 0 
1 1 1 1 1 0 1 0 0 0 1 0 1 1 1 0 1 1 1 0 0 0 1 1 0 0 0 0 0 0 0 0 0 1 0 1 1 0 1 1 0 1 1 0 1 1 1 0 1 0 0 1 0 0 1 0 1 1 0 1 1 1 1 1 1 1 1 1 0 0 0 0 0 0 1 0 0 0 0 0 0 0 0 0 0 0 0 0 0 0 0 0 0 0 0 0 0 0 0 0 
1 1 1 1 1 0 1 0 0 0 1 0 1 1 1 0 1 1 1 0 0 0 1 1 0 0 0 0 0 0 0 0 0 1 0 1 1 0 1 1 0 1 1 0 1 1 1 0 1 0 0 1 0 0 0 1 1 1 0 1 1 1 1 1 1 1 1 1 0 0 0 0 0 0 1 0 0 0 0 0 0 0 0 0 0 0 0 0 0 0 0 0 0 0 0 0 0 0 0 0 
1 1 1 1 1 0 1 1 0 0 1 0 1 1 1 0 1 1 1 0 0 1 1 1 0 1 0 0 0 0 0 0 0 1 0 1 1 0 1 1 1 1 1 0 1 1 1 0 1 1 1 1 0 0 0 0 1 1 0 1 1 1 1 1 1 1 1 1 0 1 0 0 1 1 1 1 0 0 0 0 0 0 0 0 0 0 0 0 0 0 0 0 0 0 0 0 0 0 0 0 
1 1 1 1 1 0 1 0 0 0 1 0 1 1 1 0 1 1 1 0 0 0 1 1 0 0 0 0 0 0 0 0 0 1 0 1 1 0 1 1 0 1 1 0 1 1 1 0 1 0 0 1 0 0 0 0 1 1 0 1 1 1 1 1 1 1 1 1 0 0 0 0 0 0 1 0 0 0 0 0 0 0 0 0 0 0 0 0 0 0 0 0 0 0 0 0 0 0 0 0 
1 1 1 1 1 0 1 0 0 0 1 0 1 1 1 0 1 1 1 0 0 0 1 1 0 0 0 0 0 0 0 0 0 1 0 1 1 0 1 1 0 1 1 0 1 1 1 0 1 0 0 1 0 0 0 0 1 1 1 1 1 1 1 1 1 1 1 1 0 0 0 0 0 0 1 0 0 0 0 0 0 0 0 0 0 0 0 0 0 0 0 0 0 0 0 0 0 0 0 0 
1 1 1 1 1 0 1 0 0 0 1 0 1 1 1 0 1 1 1 0 0 0 1 1 0 0 0 0 0 0 0 0 0 1 0 1 1 0 1 1 0 1 1 0 1 1 1 0 1 0 0 1 0 0 0 0 1 1 0 1 1 1 1 1 1 1 1 1 0 0 0 0 0 0 1 0 0 0 0 0 0 0 0 0 0 0 0 0 0 0 0 0 0 0 0 0 0 0 0 0 
1 1 1 1 1 0 1 0 0 0 1 0 1 1 1 0 1 1 1 0 0 0 1 1 0 0 0 0 0 0 0 0 0 1 0 1 1 0 1 1 0 1 1 0 1 1 1 0 1 0 0 1 0 0 0 0 1 1 0 1 1 1 1 1 1 1 1 1 0 0 0 0 0 0 1 0 0 0 0 0 0 0 0 0 0 0 0 0 0 0 0 0 0 0 0 0 0 0 0 0 
1 1 1 1 1 0 1 0 0 0 1 0 1 1 1 0 1 1 1 0 0 0 1 1 0 0 0 0 0 0 0 0 0 1 0 1 1 0 1 1 0 1 1 0 1 1 1 0 1 0 0 1 0 0 0 0 1 1 0 1 1 1 1 1 1 1 1 1 0 0 0 0 0 0 1 0 0 0 0 0 0 0 0 0 0 0 0 0 0 0 0 0 0 0 0 0 0 0 0 0 
1 1 1 1 1 0 1 0 0 0 1 0 1 1 1 0 1 1 1 0 0 0 1 1 0 0 0 0 0 0 0 0 0 1 0 1 1 0 1 1 0 1 1 0 1 1 1 0 1 0 0 1 0 0 0 0 1 1 0 1 1 1 1 1 1 1 1 1 0 0 0 0 0 0 1 0 0 0 0 0 0 0 0 0 0 0 0 0 0 0 0 0 0 0 0 0 0 0 0 0 
1 1 1 1 1 1 1 0 0 1 1 0 1 1 1 1 1 1 1 0 0 0 1 1 0 0 0 0 0 0 1 1 1 1 0 1 1 0 1 1 0 1 1 1 1 1 1 0 1 0 0 1 1 0 0 0 1 1 0 1 1 1 1 1 1 1 1 1 0 0 0 1 0 0 1 0 1 0 0 0 0 0 0 0 0 0 0 0 0 0 0 0 0 0 0 0 0 0 0 0 
1 1 1 1 1 0 1 0 0 0 1 0 1 1 1 0 1 1 1 0 0 0 1 1 0 0 0 0 0 0 0 0 0 1 0 1 1 0 1 1 0 1 1 0 1 1 1 0 1 0 0 1 0 0 0 0 1 1 0 1 1 1 1 1 1 1 1 1 0 0 0 0 0 0 1 0 0 0 0 0 0 0 0 0 0 0 0 0 0 0 0 0 0 0 0 0 0 0 0 0 
1 1 1 1 1 0 1 0 0 0 1 0 1 1 1 0 1 1 1 0 0 0 1 1 0 0 0 0 0 0 0 0 0 1 0 1 1 0 1 1 0 1 1 0 1 1 1 0 1 0 0 1 0 0 0 0 1 1 0 1 1 1 1 1 1 1 1 1 0 0 0 0 0 0 1 0 0 0 0 0 0 0 0 0 0 0 0 0 0 0 0 0 0 0 0 0 0 0 0 0 
1 1 1 1 1 0 1 0 0 0 1 0 1 1 1 0 1 1 1 0 0 0 1 1 0 0 0 0 0 0 0 0 0 1 0 1 1 0 1 1 0 1 1 0 1 1 1 0 1 0 0 1 0 0 0 0 1 1 0 1 1 1 1 1 1 1 1 1 0 0 0 0 0 0 1 0 0 0 0 0 0 0 0 0 0 0 0 0 0 0 0 0 0 0 0 0 0 0 0 0 
1 1 1 1 1 0 1 0 0 0 1 0 1 1 1 0 1 1 1 0 0 0 1 1 0 0 0 0 0 0 0 0 0 1 0 1 1 0 1 1 0 1 1 0 1 1 1 0 1 0 0 1 0 0 0 0 1 1 0 1 1 1 1 1 1 1 1 1 0 0 0 0 0 0 1 0 0 0 0 0 0 0 0 0 0 0 0 0 0 0 0 0 0 0 0 0 0 0 0 0 
1 1 1 1 1 0 1 0 0 0 1 0 1 1 1 0 1 1 1 0 0 0 1 1 0 0 0 0 0 0 0 0 0 1 0 1 1 0 1 1 0 1 1 0 1 1 1 0 1 0 0 1 0 0 0 0 1 1 0 1 1 1 1 1 1 1 1 1 1 0 0 0 0 0 1 0 0 0 0 0 0 0 0 0 0 0 0 0 0 0 0 0 0 0 0 0 0 0 0 0 
1 1 1 1 1 0 1 0 0 0 1 0 1 1 1 0 1 1 1 0 0 0 1 1 0 0 0 0 0 0 0 0 0 1 0 1 1 0 1 1 0 1 1 0 1 1 1 0 1 0 0 1 0 0 0 0 1 1 0 1 1 1 1 1 1 1 1 1 0 1 0 0 0 0 1 0 0 0 0 0 0 0 0 0 0 0 0 0 0 0 0 0 0 0 0 0 0 0 0 0 
1 1 1 1 1 0 1 0 0 0 1 0 1 1 1 0 1 1 1 0 0 0 1 1 0 0 0 0 0 0 0 0 0 1 0 1 1 0 1 1 0 1 1 0 1 1 1 0 1 0 0 1 0 0 0 0 1 1 0 1 1 1 1 1 1 1 1 1 0 0 1 0 0 0 1 0 0 0 0 0 0 0 0 0 0 0 0 0 0 0 0 0 0 0 0 0 0 0 0 0 
1 1 1 1 1 0 1 0 0 0 1 0 1 1 1 0 1 1 1 0 0 0 1 1 0 0 0 0 0 0 0 0 0 1 0 1 1 0 1 1 0 1 1 0 1 1 1 0 1 0 0 1 0 0 0 0 1 1 0 1 1 1 1 1 1 1 1 1 0 0 0 1 0 0 1 0 0 0 0 0 0 0 0 0 0 0 0 0 0 0 0 0 0 0 0 0 0 0 0 0 
1 1 1 1 1 0 1 0 0 0 1 0 1 1 1 0 1 1 1 0 0 0 1 1 0 0 0 0 0 0 0 0 0 1 0 1 1 0 1 1 0 1 1 0 1 1 1 0 1 0 0 1 0 0 0 0 1 1 0 1 1 1 1 1 1 1 1 1 0 0 0 0 1 0 1 0 0 0 0 0 0 0 0 0 0 0 0 0 0 0 0 0 0 0 0 0 0 0 0 0 
1 1 1 1 1 0 1 0 0 0 1 0 1 1 1 0 1 1 1 0 0 0 1 1 0 0 0 0 0 0 0 0 0 1 0 1 1 0 1 1 0 1 1 0 1 1 1 0 1 0 0 1 0 0 0 0 1 1 0 1 1 1 1 1 1 1 1 1 0 0 0 0 0 1 1 0 0 0 0 0 0 0 0 0 0 0 0 0 0 0 0 0 0 0 0 0 0 0 0 0 
1 1 1 1 1 0 1 0 0 0 1 0 1 1 1 0 1 1 1 0 0 0 1 1 0 0 0 0 0 0 0 0 0 1 0 1 1 0 1 1 0 1 1 0 1 1 1 0 1 0 0 1 0 0 0 0 1 1 0 1 1 1 1 1 1 1 1 1 0 0 0 0 0 0 1 0 0 0 0 0 0 0 0 0 0 0 0 0 0 0 0 0 0 0 0 0 0 0 0 0 
1 1 1 1 1 0 1 0 0 0 1 0 1 1 1 0 1 1 1 0 0 0 1 1 0 0 0 0 0 0 0 0 0 1 0 1 1 0 1 1 0 1 1 0 1 1 1 0 1 0 0 1 0 0 0 0 1 1 0 1 1 1 1 1 1 1 1 1 0 0 0 0 0 0 1 1 0 0 0 0 0 0 0 0 0 0 0 0 0 0 0 0 0 0 0 0 0 0 0 0 
1 1 1 1 1 0 1 0 0 0 1 0 1 1 1 0 1 1 1 0 0 0 1 1 0 0 0 0 0 0 0 0 0 1 0 1 1 0 1 1 0 1 1 0 1 1 1 0 1 0 0 1 0 0 0 0 1 1 0 1 1 1 1 1 1 1 1 1 0 0 0 0 0 0 1 0 1 0 0 0 0 0 0 0 0 0 0 0 0 0 0 0 0 0 0 0 0 0 0 0 
1 1 0 0 0 0 0 0 0 0 0 0 0 0 0 0 0 0 0 0 0 0 0 0 0 0 0 0 0 0 0 0 0 0 0 0 0 0 0 0 0 0 0 0 0 0 0 0 1 0 0 0 0 0 0 0 0 0 0 0 0 0 0 0 0 0 0 0 0 0 0 0 0 0 0 0 0 1 1 1 1 1 1 1 1 0 1 1 1 1 0 1 1 1 1 1 1 0 1 0 
1 1 0 0 0 0 0 0 0 0 0 0 0 0 0 0 0 0 0 0 0 0 0 0 0 0 0 0 0 0 0 0 0 0 0 0 0 0 0 0 0 0 0 0 0 0 0 0 1 0 0 0 0 0 0 0 0 0 0 0 0 0 0 0 0 0 0 0 0 0 0 0 0 0 0 0 0 1 1 1 1 1 1 1 1 0 1 1 1 1 0 0 0 0 0 0 0 0 0 0 
1 1 0 0 0 0 0 0 0 0 0 0 0 0 0 0 0 0 0 0 0 0 0 0 0 0 0 0 0 0 0 0 0 0 0 0 0 0 0 0 0 0 0 0 0 0 0 0 1 0 0 0 0 0 0 0 0 0 0 0 0 0 0 0 0 0 0 0 0 0 0 0 0 0 0 0 0 1 1 1 1 1 1 1 1 0 1 1 1 1 0 0 0 0 0 0 0 0 0 0 
1 1 0 0 0 0 0 0 0 0 0 0 0 0 0 0 0 0 0 0 0 0 0 0 0 0 0 0 0 0 0 0 0 0 0 0 0 0 0 0 0 0 0 0 0 0 0 0 1 0 0 0 0 0 0 0 0 0 0 0 0 0 0 0 0 0 0 0 0 0 0 0 0 0 0 0 0 1 1 1 1 1 1 1 1 0 1 1 1 1 0 0 0 0 0 0 0 0 0 0 
1 1 0 0 0 0 0 0 0 0 0 0 0 0 0 0 0 0 0 0 0 0 0 0 0 0 0 0 0 0 0 0 0 0 0 0 0 0 0 0 0 0 0 0 0 0 0 0 1 0 0 0 0 0 0 0 0 0 0 0 0 0 0 0 0 0 0 0 0 0 0 0 0 0 0 0 0 1 1 1 1 1 1 1 1 0 1 1 1 1 0 0 0 0 0 0 0 0 0 0 
1 1 0 0 0 0 0 0 0 0 0 0 0 0 0 0 0 0 0 0 0 0 0 0 0 0 0 0 0 0 0 0 0 0 0 0 0 0 0 0 0 0 0 0 0 0 0 0 1 0 0 0 0 0 0 0 0 0 0 0 0 0 0 0 0 0 0 0 0 0 0 0 0 0 0 0 0 1 1 1 1 1 1 1 1 0 1 1 1 1 0 0 0 0 0 0 0 0 0 0 
1 1 0 0 0 0 0 0 0 0 0 0 0 0 0 0 0 0 0 0 0 0 0 0 0 0 0 0 0 0 0 0 0 0 0 0 0 0 0 0 0 0 0 0 0 0 0 0 1 0 0 0 0 0 0 0 0 0 0 0 0 0 0 0 0 0 0 0 0 0 0 0 0 0 0 0 0 1 1 1 1 1 1 1 1 0 1 1 1 1 0 0 0 0 0 0 0 0 0 0 
1 1 0 0 0 0 0 0 0 0 0 0 0 0 0 0 0 0 0 0 0 0 0 0 0 0 0 0 0 0 0 0 0 0 0 0 0 0 0 0 0 0 0 0 0 0 0 0 1 0 0 0 0 0 0 0 0 0 0 0 0 0 0 0 0 0 0 0 0 0 0 0 0 0 0 0 0 1 1 1 1 1 1 1 1 0 1 1 1 1 0 0 0 0 0 0 0 0 0 0 
1 1 0 0 0 0 0 0 0 0 0 0 0 0 0 0 0 0 0 0 0 0 0 0 0 0 0 0 0 0 0 0 0 0 0 0 0 0 0 0 0 0 0 0 0 0 0 0 1 0 0 0 0 0 0 0 0 0 0 0 0 0 0 0 0 0 0 0 0 0 0 0 0 0 0 0 0 1 1 1 1 1 1 1 1 1 1 1 1 1 0 0 0 0 0 0 0 0 0 0 
1 1 0 0 0 0 0 0 0 0 0 0 0 0 0 0 0 0 0 0 0 0 0 0 0 0 0 0 0 0 0 0 0 0 0 0 0 0 0 0 0 0 0 0 0 0 0 0 1 0 0 0 0 0 0 0 0 0 0 0 0 0 0 0 0 0 0 0 0 0 0 0 0 0 0 0 0 1 1 1 1 1 1 1 1 0 1 1 1 1 0 0 0 0 0 0 0 0 0 0 
1 1 0 0 0 0 0 0 0 0 0 0 0 0 0 0 0 0 0 0 0 0 0 0 0 0 0 0 0 0 0 0 0 0 0 0 0 0 0 0 0 0 0 0 0 0 0 0 1 0 0 0 0 0 0 0 0 0 0 0 0 0 0 0 0 0 0 0 0 0 0 0 0 0 0 0 0 1 1 1 1 1 1 1 1 0 1 1 1 1 0 0 0 0 0 0 0 0 0 0 
1 1 0 0 0 0 0 0 0 0 0 0 0 0 0 0 0 0 0 0 0 0 0 0 0 0 0 0 0 0 0 0 0 0 0 0 0 0 0 0 0 0 0 0 0 0 0 0 1 0 0 0 0 0 0 0 0 0 0 0 0 0 0 0 0 0 0 0 0 0 0 0 0 0 0 0 0 1 1 1 1 1 1 1 1 0 1 1 1 1 0 0 0 0 0 0 0 0 0 0 
1 1 0 0 0 0 0 0 0 0 0 0 0 0 0 0 0 0 0 0 0 0 0 0 0 0 0 0 0 0 0 0 0 0 0 0 0 0 0 0 0 0 0 0 0 0 0 0 1 0 0 0 0 0 0 0 0 0 0 0 0 0 0 0 0 0 0 0 0 0 0 0 0 0 0 0 0 1 1 1 1 1 1 1 1 0 1 1 1 1 0 0 0 0 0 0 0 0 0 0 
0 0 0 0 0 0 0 0 0 0 0 0 0 0 0 0 0 0 0 0 0 0 0 0 0 0 0 0 0 0 0 0 0 0 0 0 0 0 0 0 0 0 0 0 0 0 0 0 0 0 0 0 0 0 0 0 0 0 0 0 0 0 0 0 0 0 0 0 0 0 0 0 0 0 0 0 0 0 0 0 0 0 0 0 0 0 0 0 0 0 0 0 0 0 0 0 0 0 0 0 
0 0 0 0 0 0 0 0 0 0 0 0 0 0 0 0 0 0 0 0 0 0 0 0 0 0 0 0 0 0 0 0 0 0 0 0 0 0 0 0 0 0 0 0 0 0 0 0 0 0 0 0 0 0 0 0 0 0 0 0 0 0 0 0 0 0 0 0 0 0 0 0 0 0 0 0 0 0 0 0 0 0 0 0 0 0 0 0 0 0 0 0 0 0 0 0 0 0 0 0 
0 0 0 0 0 0 0 0 0 0 0 0 0 0 0 0 0 0 0 0 0 0 0 0 0 0 0 0 0 0 0 0 0 0 0 0 0 0 0 0 0 0 0 0 0 0 0 0 0 0 0 0 0 0 0 0 0 0 0 0 0 0 0 0 0 0 0 0 0 0 0 0 0 0 0 0 0 0 0 0 0 0 0 0 0 0 0 0 0 0 0 0 0 0 0 0 0 0 0 0 
1 0 0 0 0 0 0 0 0 0 0 0 0 0 0 0 0 0 0 0 0 0 0 0 0 0 0 0 0 0 0 0 0 0 0 0 0 0 0 0 0 0 0 0 0 0 0 0 0 0 0 0 0 0 0 0 0 0 0 0 0 0 0 0 0 0 0 0 0 0 0 0 0 0 0 0 0 0 0 0 0 0 0 0 0 0 0 0 0 0 0 0 0 1 0 0 0 0 0 0 
1 1 1 1 1 0 1 0 0 0 1 0 1 1 1 0 1 1 1 0 0 0 1 1 0 0 0 0 0 0 0 0 0 1 0 1 1 0 1 1 0 1 1 0 1 1 1 0 1 0 0 1 0 0 0 0 1 1 0 1 1 1 1 1 1 1 1 1 0 0 0 0 0 0 1 0 0 0 0 0 0 0 0 0 0 0 0 0 0 0 0 0 0 0 1 0 0 0 0 0 
0 0 0 0 0 0 0 0 0 0 0 0 0 0 0 0 0 0 0 0 0 0 0 0 0 0 0 0 0 0 0 0 0 0 0 0 0 0 0 0 0 0 0 0 0 0 0 0 0 0 0 0 0 0 0 0 0 0 0 0 0 0 0 0 0 0 0 0 0 0 0 0 0 0 0 0 0 0 0 0 0 0 0 0 0 0 0 0 0 0 0 0 0 0 0 0 0 0 0 0 
1 1 0 0 0 0 0 0 0 0 0 0 0 0 0 0 0 0 0 0 0 0 0 0 0 0 0 0 0 0 0 0 0 0 0 0 0 0 0 0 0 0 0 0 0 0 0 0 0 0 0 0 0 0 0 0 0 0 0 0 0 0 0 0 0 0 0 0 0 0 0 0 0 0 0 0 0 0 0 0 0 0 0 0 0 0 0 0 0 0 0 0 0 0 0 0 0 0 0 0 
0 0 0 0 0 0 0 0 0 0 0 0 0 0 0 0 0 0 0 0 0 0 0 0 0 0 0 0 0 0 0 0 0 0 0 0 0 0 0 0 0 0 0 0 0 0 0 0 0 0 0 0 0 0 0 0 0 0 0 0 0 0 0 0 0 0 0 0 0 0 0 0 0 0 0 0 0 0 0 0 0 0 0 0 0 0 0 0 0 0 0 0 0 0 0 0 0 0 0 0 
1 0 0 0 0 0 0 0 0 0 0 0 0 0 0 0 0 0 0 0 0 0 0 0 0 0 0 0 0 0 0 0 0 0 0 0 0 0 0 0 0 0 0 0 0 0 0 0 0 0 0 0 0 0 0 0 0 0 0 0 0 0 0 0 0 0 0 0 0 0 0 0 0 0 0 0 0 0 0 0 0 0 0 0 0 0 0 0 0 0 0 0 0 0 0 0 0 0 0 0 
0 0 0 0 0 0 0 0 0 0 0 0 0 0 0 0 0 0 0 0 0 0 0 0 0 0 0 0 0 0 0 0 0 0 0 0 0 0 0 0 0 0 0 0 0 0 0 0 0 0 0 0 0 0 0 0 0 0 0 0 0 0 0 0 0 0 0 0 0 0 0 0 0 0 0 0 0 0 0 0 0 0 0 0 0 0 0 0 0 0 0 0 0 0 0 0 0 0 0 0 
